vy=1/16.584711;
vx=1/5.574957;
T=(vx-vy)/vy;